{
 "cells": [
  {
   "cell_type": "code",
   "execution_count": 3,
   "metadata": {},
   "outputs": [],
   "source": [
    "import pandas as pd\n",
    "import matplotlib.pyplot as plt\n",
    "import descartes\n",
    "import geopandas as gpd\n",
    "from shapely.geometry import Point, Polygon\n",
    "\n",
    "%matplotlib inline "
   ]
  },
  {
   "cell_type": "code",
   "execution_count": 4,
   "metadata": {},
   "outputs": [
    {
     "name": "stdout",
     "output_type": "stream",
     "text": [
      "mapping.ipynb\r\n"
     ]
    }
   ],
   "source": [
    "!ls"
   ]
  },
  {
   "cell_type": "code",
   "execution_count": 12,
   "metadata": {},
   "outputs": [],
   "source": [
    "df = pd.read_csv(\"../raw/kc_house_data_train.csv\", index_col=0)"
   ]
  },
  {
   "cell_type": "code",
   "execution_count": 13,
   "metadata": {},
   "outputs": [
    {
     "data": {
      "text/html": [
       "<div>\n",
       "<style scoped>\n",
       "    .dataframe tbody tr th:only-of-type {\n",
       "        vertical-align: middle;\n",
       "    }\n",
       "\n",
       "    .dataframe tbody tr th {\n",
       "        vertical-align: top;\n",
       "    }\n",
       "\n",
       "    .dataframe thead th {\n",
       "        text-align: right;\n",
       "    }\n",
       "</style>\n",
       "<table border=\"1\" class=\"dataframe\">\n",
       "  <thead>\n",
       "    <tr style=\"text-align: right;\">\n",
       "      <th></th>\n",
       "      <th>id</th>\n",
       "      <th>date</th>\n",
       "      <th>price</th>\n",
       "      <th>bedrooms</th>\n",
       "      <th>bathrooms</th>\n",
       "      <th>sqft_living</th>\n",
       "      <th>sqft_lot</th>\n",
       "      <th>floors</th>\n",
       "      <th>waterfront</th>\n",
       "      <th>view</th>\n",
       "      <th>...</th>\n",
       "      <th>grade</th>\n",
       "      <th>sqft_above</th>\n",
       "      <th>sqft_basement</th>\n",
       "      <th>yr_built</th>\n",
       "      <th>yr_renovated</th>\n",
       "      <th>zipcode</th>\n",
       "      <th>lat</th>\n",
       "      <th>long</th>\n",
       "      <th>sqft_living15</th>\n",
       "      <th>sqft_lot15</th>\n",
       "    </tr>\n",
       "  </thead>\n",
       "  <tbody>\n",
       "    <tr>\n",
       "      <th>0</th>\n",
       "      <td>2591820310</td>\n",
       "      <td>20141006T000000</td>\n",
       "      <td>365000.0</td>\n",
       "      <td>4</td>\n",
       "      <td>2.25</td>\n",
       "      <td>2070</td>\n",
       "      <td>8893</td>\n",
       "      <td>2.0</td>\n",
       "      <td>0</td>\n",
       "      <td>0</td>\n",
       "      <td>...</td>\n",
       "      <td>8</td>\n",
       "      <td>2070</td>\n",
       "      <td>0</td>\n",
       "      <td>1986</td>\n",
       "      <td>0</td>\n",
       "      <td>98058</td>\n",
       "      <td>47.4388</td>\n",
       "      <td>-122.162</td>\n",
       "      <td>2390</td>\n",
       "      <td>7700</td>\n",
       "    </tr>\n",
       "    <tr>\n",
       "      <th>1</th>\n",
       "      <td>7974200820</td>\n",
       "      <td>20140821T000000</td>\n",
       "      <td>865000.0</td>\n",
       "      <td>5</td>\n",
       "      <td>3.00</td>\n",
       "      <td>2900</td>\n",
       "      <td>6730</td>\n",
       "      <td>1.0</td>\n",
       "      <td>0</td>\n",
       "      <td>0</td>\n",
       "      <td>...</td>\n",
       "      <td>8</td>\n",
       "      <td>1830</td>\n",
       "      <td>1070</td>\n",
       "      <td>1977</td>\n",
       "      <td>0</td>\n",
       "      <td>98115</td>\n",
       "      <td>47.6784</td>\n",
       "      <td>-122.285</td>\n",
       "      <td>2370</td>\n",
       "      <td>6283</td>\n",
       "    </tr>\n",
       "    <tr>\n",
       "      <th>2</th>\n",
       "      <td>7701450110</td>\n",
       "      <td>20140815T000000</td>\n",
       "      <td>1038000.0</td>\n",
       "      <td>4</td>\n",
       "      <td>2.50</td>\n",
       "      <td>3770</td>\n",
       "      <td>10893</td>\n",
       "      <td>2.0</td>\n",
       "      <td>0</td>\n",
       "      <td>2</td>\n",
       "      <td>...</td>\n",
       "      <td>11</td>\n",
       "      <td>3770</td>\n",
       "      <td>0</td>\n",
       "      <td>1997</td>\n",
       "      <td>0</td>\n",
       "      <td>98006</td>\n",
       "      <td>47.5646</td>\n",
       "      <td>-122.129</td>\n",
       "      <td>3710</td>\n",
       "      <td>9685</td>\n",
       "    </tr>\n",
       "    <tr>\n",
       "      <th>3</th>\n",
       "      <td>9522300010</td>\n",
       "      <td>20150331T000000</td>\n",
       "      <td>1490000.0</td>\n",
       "      <td>3</td>\n",
       "      <td>3.50</td>\n",
       "      <td>4560</td>\n",
       "      <td>14608</td>\n",
       "      <td>2.0</td>\n",
       "      <td>0</td>\n",
       "      <td>2</td>\n",
       "      <td>...</td>\n",
       "      <td>12</td>\n",
       "      <td>4560</td>\n",
       "      <td>0</td>\n",
       "      <td>1990</td>\n",
       "      <td>0</td>\n",
       "      <td>98034</td>\n",
       "      <td>47.6995</td>\n",
       "      <td>-122.228</td>\n",
       "      <td>4050</td>\n",
       "      <td>14226</td>\n",
       "    </tr>\n",
       "    <tr>\n",
       "      <th>4</th>\n",
       "      <td>9510861140</td>\n",
       "      <td>20140714T000000</td>\n",
       "      <td>711000.0</td>\n",
       "      <td>3</td>\n",
       "      <td>2.50</td>\n",
       "      <td>2550</td>\n",
       "      <td>5376</td>\n",
       "      <td>2.0</td>\n",
       "      <td>0</td>\n",
       "      <td>0</td>\n",
       "      <td>...</td>\n",
       "      <td>9</td>\n",
       "      <td>2550</td>\n",
       "      <td>0</td>\n",
       "      <td>2004</td>\n",
       "      <td>0</td>\n",
       "      <td>98052</td>\n",
       "      <td>47.6647</td>\n",
       "      <td>-122.083</td>\n",
       "      <td>2250</td>\n",
       "      <td>4050</td>\n",
       "    </tr>\n",
       "  </tbody>\n",
       "</table>\n",
       "<p>5 rows × 21 columns</p>\n",
       "</div>"
      ],
      "text/plain": [
       "           id             date      price  bedrooms  bathrooms  sqft_living  \\\n",
       "0  2591820310  20141006T000000   365000.0         4       2.25         2070   \n",
       "1  7974200820  20140821T000000   865000.0         5       3.00         2900   \n",
       "2  7701450110  20140815T000000  1038000.0         4       2.50         3770   \n",
       "3  9522300010  20150331T000000  1490000.0         3       3.50         4560   \n",
       "4  9510861140  20140714T000000   711000.0         3       2.50         2550   \n",
       "\n",
       "   sqft_lot  floors  waterfront  view  ...  grade  sqft_above  sqft_basement  \\\n",
       "0      8893     2.0           0     0  ...      8        2070              0   \n",
       "1      6730     1.0           0     0  ...      8        1830           1070   \n",
       "2     10893     2.0           0     2  ...     11        3770              0   \n",
       "3     14608     2.0           0     2  ...     12        4560              0   \n",
       "4      5376     2.0           0     0  ...      9        2550              0   \n",
       "\n",
       "   yr_built  yr_renovated  zipcode      lat     long  sqft_living15  \\\n",
       "0      1986             0    98058  47.4388 -122.162           2390   \n",
       "1      1977             0    98115  47.6784 -122.285           2370   \n",
       "2      1997             0    98006  47.5646 -122.129           3710   \n",
       "3      1990             0    98034  47.6995 -122.228           4050   \n",
       "4      2004             0    98052  47.6647 -122.083           2250   \n",
       "\n",
       "   sqft_lot15  \n",
       "0        7700  \n",
       "1        6283  \n",
       "2        9685  \n",
       "3       14226  \n",
       "4        4050  \n",
       "\n",
       "[5 rows x 21 columns]"
      ]
     },
     "execution_count": 13,
     "metadata": {},
     "output_type": "execute_result"
    }
   ],
   "source": [
    "# longitude is represented as a floating point number\n",
    "df.head()"
   ]
  },
  {
   "cell_type": "code",
   "execution_count": 14,
   "metadata": {},
   "outputs": [
    {
     "data": {
      "text/html": [
       "<div>\n",
       "<style scoped>\n",
       "    .dataframe tbody tr th:only-of-type {\n",
       "        vertical-align: middle;\n",
       "    }\n",
       "\n",
       "    .dataframe tbody tr th {\n",
       "        vertical-align: top;\n",
       "    }\n",
       "\n",
       "    .dataframe thead th {\n",
       "        text-align: right;\n",
       "    }\n",
       "</style>\n",
       "<table border=\"1\" class=\"dataframe\">\n",
       "  <thead>\n",
       "    <tr style=\"text-align: right;\">\n",
       "      <th></th>\n",
       "      <th>id</th>\n",
       "      <th>price</th>\n",
       "      <th>bedrooms</th>\n",
       "      <th>bathrooms</th>\n",
       "      <th>sqft_living</th>\n",
       "      <th>sqft_lot</th>\n",
       "      <th>floors</th>\n",
       "      <th>waterfront</th>\n",
       "      <th>view</th>\n",
       "      <th>condition</th>\n",
       "      <th>grade</th>\n",
       "      <th>sqft_above</th>\n",
       "      <th>sqft_basement</th>\n",
       "      <th>yr_built</th>\n",
       "      <th>yr_renovated</th>\n",
       "      <th>zipcode</th>\n",
       "      <th>lat</th>\n",
       "      <th>long</th>\n",
       "      <th>sqft_living15</th>\n",
       "      <th>sqft_lot15</th>\n",
       "    </tr>\n",
       "  </thead>\n",
       "  <tbody>\n",
       "    <tr>\n",
       "      <th>id</th>\n",
       "      <td>1.000000</td>\n",
       "      <td>-0.015644</td>\n",
       "      <td>-0.001529</td>\n",
       "      <td>0.003833</td>\n",
       "      <td>-0.014251</td>\n",
       "      <td>-0.129837</td>\n",
       "      <td>0.017126</td>\n",
       "      <td>0.000101</td>\n",
       "      <td>0.012594</td>\n",
       "      <td>-0.014272</td>\n",
       "      <td>0.003163</td>\n",
       "      <td>-0.013932</td>\n",
       "      <td>-0.003516</td>\n",
       "      <td>0.013697</td>\n",
       "      <td>-0.019560</td>\n",
       "      <td>-0.008166</td>\n",
       "      <td>-0.001865</td>\n",
       "      <td>0.017388</td>\n",
       "      <td>-0.007494</td>\n",
       "      <td>-0.139605</td>\n",
       "    </tr>\n",
       "    <tr>\n",
       "      <th>price</th>\n",
       "      <td>-0.015644</td>\n",
       "      <td>1.000000</td>\n",
       "      <td>0.305106</td>\n",
       "      <td>0.524335</td>\n",
       "      <td>0.703540</td>\n",
       "      <td>0.086803</td>\n",
       "      <td>0.256985</td>\n",
       "      <td>0.275779</td>\n",
       "      <td>0.395485</td>\n",
       "      <td>0.036099</td>\n",
       "      <td>0.666215</td>\n",
       "      <td>0.607760</td>\n",
       "      <td>0.323312</td>\n",
       "      <td>0.056450</td>\n",
       "      <td>0.117770</td>\n",
       "      <td>-0.048958</td>\n",
       "      <td>0.302394</td>\n",
       "      <td>0.019327</td>\n",
       "      <td>0.585567</td>\n",
       "      <td>0.081423</td>\n",
       "    </tr>\n",
       "    <tr>\n",
       "      <th>bedrooms</th>\n",
       "      <td>-0.001529</td>\n",
       "      <td>0.305106</td>\n",
       "      <td>1.000000</td>\n",
       "      <td>0.507867</td>\n",
       "      <td>0.570428</td>\n",
       "      <td>0.029375</td>\n",
       "      <td>0.172975</td>\n",
       "      <td>-0.008581</td>\n",
       "      <td>0.079741</td>\n",
       "      <td>0.025266</td>\n",
       "      <td>0.354679</td>\n",
       "      <td>0.472492</td>\n",
       "      <td>0.300085</td>\n",
       "      <td>0.153769</td>\n",
       "      <td>0.013679</td>\n",
       "      <td>-0.147515</td>\n",
       "      <td>-0.002170</td>\n",
       "      <td>0.124279</td>\n",
       "      <td>0.387589</td>\n",
       "      <td>0.026665</td>\n",
       "    </tr>\n",
       "    <tr>\n",
       "      <th>bathrooms</th>\n",
       "      <td>0.003833</td>\n",
       "      <td>0.524335</td>\n",
       "      <td>0.507867</td>\n",
       "      <td>1.000000</td>\n",
       "      <td>0.755270</td>\n",
       "      <td>0.085470</td>\n",
       "      <td>0.497967</td>\n",
       "      <td>0.065848</td>\n",
       "      <td>0.188817</td>\n",
       "      <td>-0.122976</td>\n",
       "      <td>0.664191</td>\n",
       "      <td>0.686853</td>\n",
       "      <td>0.282700</td>\n",
       "      <td>0.507761</td>\n",
       "      <td>0.048140</td>\n",
       "      <td>-0.201527</td>\n",
       "      <td>0.023074</td>\n",
       "      <td>0.221308</td>\n",
       "      <td>0.568080</td>\n",
       "      <td>0.086499</td>\n",
       "    </tr>\n",
       "    <tr>\n",
       "      <th>sqft_living</th>\n",
       "      <td>-0.014251</td>\n",
       "      <td>0.703540</td>\n",
       "      <td>0.570428</td>\n",
       "      <td>0.755270</td>\n",
       "      <td>1.000000</td>\n",
       "      <td>0.166810</td>\n",
       "      <td>0.357169</td>\n",
       "      <td>0.109738</td>\n",
       "      <td>0.283336</td>\n",
       "      <td>-0.061530</td>\n",
       "      <td>0.762929</td>\n",
       "      <td>0.876696</td>\n",
       "      <td>0.435529</td>\n",
       "      <td>0.319397</td>\n",
       "      <td>0.051448</td>\n",
       "      <td>-0.195893</td>\n",
       "      <td>0.052646</td>\n",
       "      <td>0.234453</td>\n",
       "      <td>0.755066</td>\n",
       "      <td>0.179570</td>\n",
       "    </tr>\n",
       "    <tr>\n",
       "      <th>sqft_lot</th>\n",
       "      <td>-0.129837</td>\n",
       "      <td>0.086803</td>\n",
       "      <td>0.029375</td>\n",
       "      <td>0.085470</td>\n",
       "      <td>0.166810</td>\n",
       "      <td>1.000000</td>\n",
       "      <td>-0.002205</td>\n",
       "      <td>0.015356</td>\n",
       "      <td>0.073058</td>\n",
       "      <td>-0.013715</td>\n",
       "      <td>0.110320</td>\n",
       "      <td>0.180755</td>\n",
       "      <td>0.008065</td>\n",
       "      <td>0.054228</td>\n",
       "      <td>0.004520</td>\n",
       "      <td>-0.126590</td>\n",
       "      <td>-0.082029</td>\n",
       "      <td>0.226190</td>\n",
       "      <td>0.136959</td>\n",
       "      <td>0.701875</td>\n",
       "    </tr>\n",
       "    <tr>\n",
       "      <th>floors</th>\n",
       "      <td>0.017126</td>\n",
       "      <td>0.256985</td>\n",
       "      <td>0.172975</td>\n",
       "      <td>0.497967</td>\n",
       "      <td>0.357169</td>\n",
       "      <td>-0.002205</td>\n",
       "      <td>1.000000</td>\n",
       "      <td>0.025132</td>\n",
       "      <td>0.025883</td>\n",
       "      <td>-0.259230</td>\n",
       "      <td>0.458984</td>\n",
       "      <td>0.528509</td>\n",
       "      <td>-0.247481</td>\n",
       "      <td>0.483657</td>\n",
       "      <td>0.005985</td>\n",
       "      <td>-0.060560</td>\n",
       "      <td>0.048227</td>\n",
       "      <td>0.128795</td>\n",
       "      <td>0.283933</td>\n",
       "      <td>-0.008170</td>\n",
       "    </tr>\n",
       "    <tr>\n",
       "      <th>waterfront</th>\n",
       "      <td>0.000101</td>\n",
       "      <td>0.275779</td>\n",
       "      <td>-0.008581</td>\n",
       "      <td>0.065848</td>\n",
       "      <td>0.109738</td>\n",
       "      <td>0.015356</td>\n",
       "      <td>0.025132</td>\n",
       "      <td>1.000000</td>\n",
       "      <td>0.407565</td>\n",
       "      <td>0.009608</td>\n",
       "      <td>0.092234</td>\n",
       "      <td>0.077162</td>\n",
       "      <td>0.083433</td>\n",
       "      <td>-0.021981</td>\n",
       "      <td>0.094268</td>\n",
       "      <td>0.034282</td>\n",
       "      <td>-0.013331</td>\n",
       "      <td>-0.042728</td>\n",
       "      <td>0.091090</td>\n",
       "      <td>0.026895</td>\n",
       "    </tr>\n",
       "    <tr>\n",
       "      <th>view</th>\n",
       "      <td>0.012594</td>\n",
       "      <td>0.395485</td>\n",
       "      <td>0.079741</td>\n",
       "      <td>0.188817</td>\n",
       "      <td>0.283336</td>\n",
       "      <td>0.073058</td>\n",
       "      <td>0.025883</td>\n",
       "      <td>0.407565</td>\n",
       "      <td>1.000000</td>\n",
       "      <td>0.045060</td>\n",
       "      <td>0.249554</td>\n",
       "      <td>0.164747</td>\n",
       "      <td>0.279939</td>\n",
       "      <td>-0.049593</td>\n",
       "      <td>0.091291</td>\n",
       "      <td>0.089475</td>\n",
       "      <td>0.003820</td>\n",
       "      <td>-0.077572</td>\n",
       "      <td>0.279999</td>\n",
       "      <td>0.073185</td>\n",
       "    </tr>\n",
       "    <tr>\n",
       "      <th>condition</th>\n",
       "      <td>-0.014272</td>\n",
       "      <td>0.036099</td>\n",
       "      <td>0.025266</td>\n",
       "      <td>-0.122976</td>\n",
       "      <td>-0.061530</td>\n",
       "      <td>-0.013715</td>\n",
       "      <td>-0.259230</td>\n",
       "      <td>0.009608</td>\n",
       "      <td>0.045060</td>\n",
       "      <td>1.000000</td>\n",
       "      <td>-0.142066</td>\n",
       "      <td>-0.157466</td>\n",
       "      <td>0.166923</td>\n",
       "      <td>-0.358921</td>\n",
       "      <td>-0.060969</td>\n",
       "      <td>0.007068</td>\n",
       "      <td>-0.009927</td>\n",
       "      <td>-0.109200</td>\n",
       "      <td>-0.094307</td>\n",
       "      <td>-0.007125</td>\n",
       "    </tr>\n",
       "    <tr>\n",
       "      <th>grade</th>\n",
       "      <td>0.003163</td>\n",
       "      <td>0.666215</td>\n",
       "      <td>0.354679</td>\n",
       "      <td>0.664191</td>\n",
       "      <td>0.762929</td>\n",
       "      <td>0.110320</td>\n",
       "      <td>0.458984</td>\n",
       "      <td>0.092234</td>\n",
       "      <td>0.249554</td>\n",
       "      <td>-0.142066</td>\n",
       "      <td>1.000000</td>\n",
       "      <td>0.758247</td>\n",
       "      <td>0.165003</td>\n",
       "      <td>0.448003</td>\n",
       "      <td>0.007988</td>\n",
       "      <td>-0.184946</td>\n",
       "      <td>0.116196</td>\n",
       "      <td>0.198369</td>\n",
       "      <td>0.715745</td>\n",
       "      <td>0.116062</td>\n",
       "    </tr>\n",
       "    <tr>\n",
       "      <th>sqft_above</th>\n",
       "      <td>-0.013932</td>\n",
       "      <td>0.607760</td>\n",
       "      <td>0.472492</td>\n",
       "      <td>0.686853</td>\n",
       "      <td>0.876696</td>\n",
       "      <td>0.180755</td>\n",
       "      <td>0.528509</td>\n",
       "      <td>0.077162</td>\n",
       "      <td>0.164747</td>\n",
       "      <td>-0.157466</td>\n",
       "      <td>0.758247</td>\n",
       "      <td>1.000000</td>\n",
       "      <td>-0.051199</td>\n",
       "      <td>0.424328</td>\n",
       "      <td>0.020413</td>\n",
       "      <td>-0.259745</td>\n",
       "      <td>0.001374</td>\n",
       "      <td>0.338192</td>\n",
       "      <td>0.731077</td>\n",
       "      <td>0.193874</td>\n",
       "    </tr>\n",
       "    <tr>\n",
       "      <th>sqft_basement</th>\n",
       "      <td>-0.003516</td>\n",
       "      <td>0.323312</td>\n",
       "      <td>0.300085</td>\n",
       "      <td>0.282700</td>\n",
       "      <td>0.435529</td>\n",
       "      <td>0.008065</td>\n",
       "      <td>-0.247481</td>\n",
       "      <td>0.083433</td>\n",
       "      <td>0.279939</td>\n",
       "      <td>0.166923</td>\n",
       "      <td>0.165003</td>\n",
       "      <td>-0.051199</td>\n",
       "      <td>1.000000</td>\n",
       "      <td>-0.130948</td>\n",
       "      <td>0.068611</td>\n",
       "      <td>0.079368</td>\n",
       "      <td>0.106727</td>\n",
       "      <td>-0.146112</td>\n",
       "      <td>0.199521</td>\n",
       "      <td>0.010007</td>\n",
       "    </tr>\n",
       "    <tr>\n",
       "      <th>yr_built</th>\n",
       "      <td>0.013697</td>\n",
       "      <td>0.056450</td>\n",
       "      <td>0.153769</td>\n",
       "      <td>0.507761</td>\n",
       "      <td>0.319397</td>\n",
       "      <td>0.054228</td>\n",
       "      <td>0.483657</td>\n",
       "      <td>-0.021981</td>\n",
       "      <td>-0.049593</td>\n",
       "      <td>-0.358921</td>\n",
       "      <td>0.448003</td>\n",
       "      <td>0.424328</td>\n",
       "      <td>-0.130948</td>\n",
       "      <td>1.000000</td>\n",
       "      <td>-0.222668</td>\n",
       "      <td>-0.348366</td>\n",
       "      <td>-0.145220</td>\n",
       "      <td>0.407768</td>\n",
       "      <td>0.332340</td>\n",
       "      <td>0.076624</td>\n",
       "    </tr>\n",
       "    <tr>\n",
       "      <th>yr_renovated</th>\n",
       "      <td>-0.019560</td>\n",
       "      <td>0.117770</td>\n",
       "      <td>0.013679</td>\n",
       "      <td>0.048140</td>\n",
       "      <td>0.051448</td>\n",
       "      <td>0.004520</td>\n",
       "      <td>0.005985</td>\n",
       "      <td>0.094268</td>\n",
       "      <td>0.091291</td>\n",
       "      <td>-0.060969</td>\n",
       "      <td>0.007988</td>\n",
       "      <td>0.020413</td>\n",
       "      <td>0.068611</td>\n",
       "      <td>-0.222668</td>\n",
       "      <td>1.000000</td>\n",
       "      <td>0.063641</td>\n",
       "      <td>0.027804</td>\n",
       "      <td>-0.061159</td>\n",
       "      <td>-0.010221</td>\n",
       "      <td>0.004489</td>\n",
       "    </tr>\n",
       "    <tr>\n",
       "      <th>zipcode</th>\n",
       "      <td>-0.008166</td>\n",
       "      <td>-0.048958</td>\n",
       "      <td>-0.147515</td>\n",
       "      <td>-0.201527</td>\n",
       "      <td>-0.195893</td>\n",
       "      <td>-0.126590</td>\n",
       "      <td>-0.060560</td>\n",
       "      <td>0.034282</td>\n",
       "      <td>0.089475</td>\n",
       "      <td>0.007068</td>\n",
       "      <td>-0.184946</td>\n",
       "      <td>-0.259745</td>\n",
       "      <td>0.079368</td>\n",
       "      <td>-0.348366</td>\n",
       "      <td>0.063641</td>\n",
       "      <td>1.000000</td>\n",
       "      <td>0.264712</td>\n",
       "      <td>-0.563027</td>\n",
       "      <td>-0.273903</td>\n",
       "      <td>-0.145921</td>\n",
       "    </tr>\n",
       "    <tr>\n",
       "      <th>lat</th>\n",
       "      <td>-0.001865</td>\n",
       "      <td>0.302394</td>\n",
       "      <td>-0.002170</td>\n",
       "      <td>0.023074</td>\n",
       "      <td>0.052646</td>\n",
       "      <td>-0.082029</td>\n",
       "      <td>0.048227</td>\n",
       "      <td>-0.013331</td>\n",
       "      <td>0.003820</td>\n",
       "      <td>-0.009927</td>\n",
       "      <td>0.116196</td>\n",
       "      <td>0.001374</td>\n",
       "      <td>0.106727</td>\n",
       "      <td>-0.145220</td>\n",
       "      <td>0.027804</td>\n",
       "      <td>0.264712</td>\n",
       "      <td>1.000000</td>\n",
       "      <td>-0.131514</td>\n",
       "      <td>0.054175</td>\n",
       "      <td>-0.086265</td>\n",
       "    </tr>\n",
       "    <tr>\n",
       "      <th>long</th>\n",
       "      <td>0.017388</td>\n",
       "      <td>0.019327</td>\n",
       "      <td>0.124279</td>\n",
       "      <td>0.221308</td>\n",
       "      <td>0.234453</td>\n",
       "      <td>0.226190</td>\n",
       "      <td>0.128795</td>\n",
       "      <td>-0.042728</td>\n",
       "      <td>-0.077572</td>\n",
       "      <td>-0.109200</td>\n",
       "      <td>0.198369</td>\n",
       "      <td>0.338192</td>\n",
       "      <td>-0.146112</td>\n",
       "      <td>0.407768</td>\n",
       "      <td>-0.061159</td>\n",
       "      <td>-0.563027</td>\n",
       "      <td>-0.131514</td>\n",
       "      <td>1.000000</td>\n",
       "      <td>0.327882</td>\n",
       "      <td>0.253981</td>\n",
       "    </tr>\n",
       "    <tr>\n",
       "      <th>sqft_living15</th>\n",
       "      <td>-0.007494</td>\n",
       "      <td>0.585567</td>\n",
       "      <td>0.387589</td>\n",
       "      <td>0.568080</td>\n",
       "      <td>0.755066</td>\n",
       "      <td>0.136959</td>\n",
       "      <td>0.283933</td>\n",
       "      <td>0.091090</td>\n",
       "      <td>0.279999</td>\n",
       "      <td>-0.094307</td>\n",
       "      <td>0.715745</td>\n",
       "      <td>0.731077</td>\n",
       "      <td>0.199521</td>\n",
       "      <td>0.332340</td>\n",
       "      <td>-0.010221</td>\n",
       "      <td>-0.273903</td>\n",
       "      <td>0.054175</td>\n",
       "      <td>0.327882</td>\n",
       "      <td>1.000000</td>\n",
       "      <td>0.178533</td>\n",
       "    </tr>\n",
       "    <tr>\n",
       "      <th>sqft_lot15</th>\n",
       "      <td>-0.139605</td>\n",
       "      <td>0.081423</td>\n",
       "      <td>0.026665</td>\n",
       "      <td>0.086499</td>\n",
       "      <td>0.179570</td>\n",
       "      <td>0.701875</td>\n",
       "      <td>-0.008170</td>\n",
       "      <td>0.026895</td>\n",
       "      <td>0.073185</td>\n",
       "      <td>-0.007125</td>\n",
       "      <td>0.116062</td>\n",
       "      <td>0.193874</td>\n",
       "      <td>0.010007</td>\n",
       "      <td>0.076624</td>\n",
       "      <td>0.004489</td>\n",
       "      <td>-0.145921</td>\n",
       "      <td>-0.086265</td>\n",
       "      <td>0.253981</td>\n",
       "      <td>0.178533</td>\n",
       "      <td>1.000000</td>\n",
       "    </tr>\n",
       "  </tbody>\n",
       "</table>\n",
       "</div>"
      ],
      "text/plain": [
       "                     id     price  bedrooms  bathrooms  sqft_living  sqft_lot  \\\n",
       "id             1.000000 -0.015644 -0.001529   0.003833    -0.014251 -0.129837   \n",
       "price         -0.015644  1.000000  0.305106   0.524335     0.703540  0.086803   \n",
       "bedrooms      -0.001529  0.305106  1.000000   0.507867     0.570428  0.029375   \n",
       "bathrooms      0.003833  0.524335  0.507867   1.000000     0.755270  0.085470   \n",
       "sqft_living   -0.014251  0.703540  0.570428   0.755270     1.000000  0.166810   \n",
       "sqft_lot      -0.129837  0.086803  0.029375   0.085470     0.166810  1.000000   \n",
       "floors         0.017126  0.256985  0.172975   0.497967     0.357169 -0.002205   \n",
       "waterfront     0.000101  0.275779 -0.008581   0.065848     0.109738  0.015356   \n",
       "view           0.012594  0.395485  0.079741   0.188817     0.283336  0.073058   \n",
       "condition     -0.014272  0.036099  0.025266  -0.122976    -0.061530 -0.013715   \n",
       "grade          0.003163  0.666215  0.354679   0.664191     0.762929  0.110320   \n",
       "sqft_above    -0.013932  0.607760  0.472492   0.686853     0.876696  0.180755   \n",
       "sqft_basement -0.003516  0.323312  0.300085   0.282700     0.435529  0.008065   \n",
       "yr_built       0.013697  0.056450  0.153769   0.507761     0.319397  0.054228   \n",
       "yr_renovated  -0.019560  0.117770  0.013679   0.048140     0.051448  0.004520   \n",
       "zipcode       -0.008166 -0.048958 -0.147515  -0.201527    -0.195893 -0.126590   \n",
       "lat           -0.001865  0.302394 -0.002170   0.023074     0.052646 -0.082029   \n",
       "long           0.017388  0.019327  0.124279   0.221308     0.234453  0.226190   \n",
       "sqft_living15 -0.007494  0.585567  0.387589   0.568080     0.755066  0.136959   \n",
       "sqft_lot15    -0.139605  0.081423  0.026665   0.086499     0.179570  0.701875   \n",
       "\n",
       "                 floors  waterfront      view  condition     grade  \\\n",
       "id             0.017126    0.000101  0.012594  -0.014272  0.003163   \n",
       "price          0.256985    0.275779  0.395485   0.036099  0.666215   \n",
       "bedrooms       0.172975   -0.008581  0.079741   0.025266  0.354679   \n",
       "bathrooms      0.497967    0.065848  0.188817  -0.122976  0.664191   \n",
       "sqft_living    0.357169    0.109738  0.283336  -0.061530  0.762929   \n",
       "sqft_lot      -0.002205    0.015356  0.073058  -0.013715  0.110320   \n",
       "floors         1.000000    0.025132  0.025883  -0.259230  0.458984   \n",
       "waterfront     0.025132    1.000000  0.407565   0.009608  0.092234   \n",
       "view           0.025883    0.407565  1.000000   0.045060  0.249554   \n",
       "condition     -0.259230    0.009608  0.045060   1.000000 -0.142066   \n",
       "grade          0.458984    0.092234  0.249554  -0.142066  1.000000   \n",
       "sqft_above     0.528509    0.077162  0.164747  -0.157466  0.758247   \n",
       "sqft_basement -0.247481    0.083433  0.279939   0.166923  0.165003   \n",
       "yr_built       0.483657   -0.021981 -0.049593  -0.358921  0.448003   \n",
       "yr_renovated   0.005985    0.094268  0.091291  -0.060969  0.007988   \n",
       "zipcode       -0.060560    0.034282  0.089475   0.007068 -0.184946   \n",
       "lat            0.048227   -0.013331  0.003820  -0.009927  0.116196   \n",
       "long           0.128795   -0.042728 -0.077572  -0.109200  0.198369   \n",
       "sqft_living15  0.283933    0.091090  0.279999  -0.094307  0.715745   \n",
       "sqft_lot15    -0.008170    0.026895  0.073185  -0.007125  0.116062   \n",
       "\n",
       "               sqft_above  sqft_basement  yr_built  yr_renovated   zipcode  \\\n",
       "id              -0.013932      -0.003516  0.013697     -0.019560 -0.008166   \n",
       "price            0.607760       0.323312  0.056450      0.117770 -0.048958   \n",
       "bedrooms         0.472492       0.300085  0.153769      0.013679 -0.147515   \n",
       "bathrooms        0.686853       0.282700  0.507761      0.048140 -0.201527   \n",
       "sqft_living      0.876696       0.435529  0.319397      0.051448 -0.195893   \n",
       "sqft_lot         0.180755       0.008065  0.054228      0.004520 -0.126590   \n",
       "floors           0.528509      -0.247481  0.483657      0.005985 -0.060560   \n",
       "waterfront       0.077162       0.083433 -0.021981      0.094268  0.034282   \n",
       "view             0.164747       0.279939 -0.049593      0.091291  0.089475   \n",
       "condition       -0.157466       0.166923 -0.358921     -0.060969  0.007068   \n",
       "grade            0.758247       0.165003  0.448003      0.007988 -0.184946   \n",
       "sqft_above       1.000000      -0.051199  0.424328      0.020413 -0.259745   \n",
       "sqft_basement   -0.051199       1.000000 -0.130948      0.068611  0.079368   \n",
       "yr_built         0.424328      -0.130948  1.000000     -0.222668 -0.348366   \n",
       "yr_renovated     0.020413       0.068611 -0.222668      1.000000  0.063641   \n",
       "zipcode         -0.259745       0.079368 -0.348366      0.063641  1.000000   \n",
       "lat              0.001374       0.106727 -0.145220      0.027804  0.264712   \n",
       "long             0.338192      -0.146112  0.407768     -0.061159 -0.563027   \n",
       "sqft_living15    0.731077       0.199521  0.332340     -0.010221 -0.273903   \n",
       "sqft_lot15       0.193874       0.010007  0.076624      0.004489 -0.145921   \n",
       "\n",
       "                    lat      long  sqft_living15  sqft_lot15  \n",
       "id            -0.001865  0.017388      -0.007494   -0.139605  \n",
       "price          0.302394  0.019327       0.585567    0.081423  \n",
       "bedrooms      -0.002170  0.124279       0.387589    0.026665  \n",
       "bathrooms      0.023074  0.221308       0.568080    0.086499  \n",
       "sqft_living    0.052646  0.234453       0.755066    0.179570  \n",
       "sqft_lot      -0.082029  0.226190       0.136959    0.701875  \n",
       "floors         0.048227  0.128795       0.283933   -0.008170  \n",
       "waterfront    -0.013331 -0.042728       0.091090    0.026895  \n",
       "view           0.003820 -0.077572       0.279999    0.073185  \n",
       "condition     -0.009927 -0.109200      -0.094307   -0.007125  \n",
       "grade          0.116196  0.198369       0.715745    0.116062  \n",
       "sqft_above     0.001374  0.338192       0.731077    0.193874  \n",
       "sqft_basement  0.106727 -0.146112       0.199521    0.010007  \n",
       "yr_built      -0.145220  0.407768       0.332340    0.076624  \n",
       "yr_renovated   0.027804 -0.061159      -0.010221    0.004489  \n",
       "zipcode        0.264712 -0.563027      -0.273903   -0.145921  \n",
       "lat            1.000000 -0.131514       0.054175   -0.086265  \n",
       "long          -0.131514  1.000000       0.327882    0.253981  \n",
       "sqft_living15  0.054175  0.327882       1.000000    0.178533  \n",
       "sqft_lot15    -0.086265  0.253981       0.178533    1.000000  "
      ]
     },
     "execution_count": 14,
     "metadata": {},
     "output_type": "execute_result"
    }
   ],
   "source": [
    "df.corr()"
   ]
  },
  {
   "cell_type": "code",
   "execution_count": 17,
   "metadata": {},
   "outputs": [
    {
     "data": {
      "text/plain": [
       "[<shapely.geometry.point.Point at 0x7fc8a4bae860>,\n",
       " <shapely.geometry.point.Point at 0x7fc8a4bae9e8>,\n",
       " <shapely.geometry.point.Point at 0x7fc8a4baea20>,\n",
       " <shapely.geometry.point.Point at 0x7fc8a4baea58>,\n",
       " <shapely.geometry.point.Point at 0x7fc8a4baea90>]"
      ]
     },
     "execution_count": 17,
     "metadata": {},
     "output_type": "execute_result"
    }
   ],
   "source": [
    "# Let's get rid of the everything but the price, longitude and latitude for now\n",
    "geometry = [Point(xy) for xy in zip(df[\"long\"], df[\"lat\"])]\n",
    "geometry[:5]"
   ]
  },
  {
   "cell_type": "code",
   "execution_count": 20,
   "metadata": {},
   "outputs": [
    {
     "name": "stderr",
     "output_type": "stream",
     "text": [
      "/Users/TjH/opt/anaconda3/envs/learn-env/lib/python3.6/site-packages/pyproj/crs/crs.py:53: FutureWarning: '+init=<authority>:<code>' syntax is deprecated. '<authority>:<code>' is the preferred initialization method. When making the change, be mindful of axis order changes: https://pyproj4.github.io/pyproj/stable/gotchas.html#axis-order-changes-in-proj-6\n",
      "  return _prepare_from_string(\" \".join(pjargs))\n"
     ]
    }
   ],
   "source": [
    "crs = {'init': 'epsg:4326'}\n",
    "geo_df = gpd.GeoDataFrame(df,\n",
    "                         crs=crs,\n",
    "                         geometry=geometry)"
   ]
  },
  {
   "cell_type": "code",
   "execution_count": 21,
   "metadata": {},
   "outputs": [
    {
     "data": {
      "text/html": [
       "<div>\n",
       "<style scoped>\n",
       "    .dataframe tbody tr th:only-of-type {\n",
       "        vertical-align: middle;\n",
       "    }\n",
       "\n",
       "    .dataframe tbody tr th {\n",
       "        vertical-align: top;\n",
       "    }\n",
       "\n",
       "    .dataframe thead th {\n",
       "        text-align: right;\n",
       "    }\n",
       "</style>\n",
       "<table border=\"1\" class=\"dataframe\">\n",
       "  <thead>\n",
       "    <tr style=\"text-align: right;\">\n",
       "      <th></th>\n",
       "      <th>id</th>\n",
       "      <th>date</th>\n",
       "      <th>price</th>\n",
       "      <th>bedrooms</th>\n",
       "      <th>bathrooms</th>\n",
       "      <th>sqft_living</th>\n",
       "      <th>sqft_lot</th>\n",
       "      <th>floors</th>\n",
       "      <th>waterfront</th>\n",
       "      <th>view</th>\n",
       "      <th>...</th>\n",
       "      <th>sqft_above</th>\n",
       "      <th>sqft_basement</th>\n",
       "      <th>yr_built</th>\n",
       "      <th>yr_renovated</th>\n",
       "      <th>zipcode</th>\n",
       "      <th>lat</th>\n",
       "      <th>long</th>\n",
       "      <th>sqft_living15</th>\n",
       "      <th>sqft_lot15</th>\n",
       "      <th>geometry</th>\n",
       "    </tr>\n",
       "  </thead>\n",
       "  <tbody>\n",
       "    <tr>\n",
       "      <th>0</th>\n",
       "      <td>2591820310</td>\n",
       "      <td>20141006T000000</td>\n",
       "      <td>365000.0</td>\n",
       "      <td>4</td>\n",
       "      <td>2.25</td>\n",
       "      <td>2070</td>\n",
       "      <td>8893</td>\n",
       "      <td>2.0</td>\n",
       "      <td>0</td>\n",
       "      <td>0</td>\n",
       "      <td>...</td>\n",
       "      <td>2070</td>\n",
       "      <td>0</td>\n",
       "      <td>1986</td>\n",
       "      <td>0</td>\n",
       "      <td>98058</td>\n",
       "      <td>47.4388</td>\n",
       "      <td>-122.162</td>\n",
       "      <td>2390</td>\n",
       "      <td>7700</td>\n",
       "      <td>POINT (-122.16200 47.43880)</td>\n",
       "    </tr>\n",
       "    <tr>\n",
       "      <th>1</th>\n",
       "      <td>7974200820</td>\n",
       "      <td>20140821T000000</td>\n",
       "      <td>865000.0</td>\n",
       "      <td>5</td>\n",
       "      <td>3.00</td>\n",
       "      <td>2900</td>\n",
       "      <td>6730</td>\n",
       "      <td>1.0</td>\n",
       "      <td>0</td>\n",
       "      <td>0</td>\n",
       "      <td>...</td>\n",
       "      <td>1830</td>\n",
       "      <td>1070</td>\n",
       "      <td>1977</td>\n",
       "      <td>0</td>\n",
       "      <td>98115</td>\n",
       "      <td>47.6784</td>\n",
       "      <td>-122.285</td>\n",
       "      <td>2370</td>\n",
       "      <td>6283</td>\n",
       "      <td>POINT (-122.28500 47.67840)</td>\n",
       "    </tr>\n",
       "    <tr>\n",
       "      <th>2</th>\n",
       "      <td>7701450110</td>\n",
       "      <td>20140815T000000</td>\n",
       "      <td>1038000.0</td>\n",
       "      <td>4</td>\n",
       "      <td>2.50</td>\n",
       "      <td>3770</td>\n",
       "      <td>10893</td>\n",
       "      <td>2.0</td>\n",
       "      <td>0</td>\n",
       "      <td>2</td>\n",
       "      <td>...</td>\n",
       "      <td>3770</td>\n",
       "      <td>0</td>\n",
       "      <td>1997</td>\n",
       "      <td>0</td>\n",
       "      <td>98006</td>\n",
       "      <td>47.5646</td>\n",
       "      <td>-122.129</td>\n",
       "      <td>3710</td>\n",
       "      <td>9685</td>\n",
       "      <td>POINT (-122.12900 47.56460)</td>\n",
       "    </tr>\n",
       "    <tr>\n",
       "      <th>3</th>\n",
       "      <td>9522300010</td>\n",
       "      <td>20150331T000000</td>\n",
       "      <td>1490000.0</td>\n",
       "      <td>3</td>\n",
       "      <td>3.50</td>\n",
       "      <td>4560</td>\n",
       "      <td>14608</td>\n",
       "      <td>2.0</td>\n",
       "      <td>0</td>\n",
       "      <td>2</td>\n",
       "      <td>...</td>\n",
       "      <td>4560</td>\n",
       "      <td>0</td>\n",
       "      <td>1990</td>\n",
       "      <td>0</td>\n",
       "      <td>98034</td>\n",
       "      <td>47.6995</td>\n",
       "      <td>-122.228</td>\n",
       "      <td>4050</td>\n",
       "      <td>14226</td>\n",
       "      <td>POINT (-122.22800 47.69950)</td>\n",
       "    </tr>\n",
       "    <tr>\n",
       "      <th>4</th>\n",
       "      <td>9510861140</td>\n",
       "      <td>20140714T000000</td>\n",
       "      <td>711000.0</td>\n",
       "      <td>3</td>\n",
       "      <td>2.50</td>\n",
       "      <td>2550</td>\n",
       "      <td>5376</td>\n",
       "      <td>2.0</td>\n",
       "      <td>0</td>\n",
       "      <td>0</td>\n",
       "      <td>...</td>\n",
       "      <td>2550</td>\n",
       "      <td>0</td>\n",
       "      <td>2004</td>\n",
       "      <td>0</td>\n",
       "      <td>98052</td>\n",
